image: hodmam_cabn2.pgm
resolution: 0.010000
origin: [-4.078663, -32.140000, 0.000000]
negate: 0
occupied_thresh: 0.65
free_thresh: 0.196

