image: home_map.pgm
resolution: 0.010000
origin: [-3.368293, -2.615903, 0.000000]
negate: 0
occupied_thresh: 0.65
free_thresh: 0.196

