image: map2.pgm
resolution: 0.010000
origin: [-3.824202, -1.560684, 0.000000]
negate: 0
occupied_thresh: 0.65
free_thresh: 0.196

