image: mymap_lab.pgm
resolution: 0.010000
origin: [-3.740203, -9.417114, 0.000000]
negate: 0
occupied_thresh: 0.65
free_thresh: 0.196

