image: room.pgm
resolution: 0.010000
origin: [-3.300000, -2.000407, 0.000000]
negate: 0
occupied_thresh: 0.65
free_thresh: 0.196

